Taxon	Lenght_of_cranium	Condylobasal_Lenght	Zygomatic_breadth	Orbital_breadth	Braincase_length	Braincase_width	Across_Molars	Lenght_of_mandible	Height_of_articular_process	Dental_Field_(P²-M²)	Across_canines
S._mystax	52.8	40.77	35.2	28.37	45.56	29.23	17.6	33.53	19.29	11.25	10.34
S._mystax	52.42	41.44	36.33	30.5	46.25	29.33	17.61	34.47	20.37	11.46	10.14
S._mystax	52.3	41.14	35.82	29.13	46.16	29.71	17.32	33.48	21	11.74	10.28
S._mystax	50.42	39.28	34.89	28.88	45.28	28.73	17.06	32.38	20.03	11.23	9.35
S._mystax	51.99	40.81	35.45	29.16	45.09	29.26	17.43	33.16	20.86	11.82	10.28
L._fusciccollis	47.43	38.71	31.6	25.86	41.44	25.23	16.09	30.73	18.15	9.81	9.2
L._fusciccollis	47.1	38.17	30.74	25.88	42.26	25.98	15.52	30.1	18.92	10.18	8.23
L._fusciccollis	46.47	36.49	29.22	24.86	41.91	24.7	14.81	27.44	17.35	10	7.95
L._fusciccollis	46.48	36.23	29.84	24.54	41.79	26.44	16.21	29.49	17.15	10.8	8.48
L._fusciccollis	47.97	38.98	30.88	25.29	42.59	25.61	15.93	29.46	17.17	10.2	8.42
C._penicillata	43.47	34.33	29.82	24.77	38.33	25.26	14.38	27.13	15.16	9.68	5.49
C._penicillata	44.91	35.81	29.51	24.8	39.05	24.49	14.69	27.78	15.21	9.96	6.06
C._jacchus	44.86	36.66	30.23	25.14	38.8	24.89	14.67	29.26	17.58	10.1	6.15
C._jacchus	42.23	33.45	28.49	24.67	35.53	22.78	14.79	27.3	15.5	10.07	6.25
C._jacchus	43.73	34.84	28.64	24.15	38.76	24.86	14.26	28.86	15.65	9.94	5.95
Cebuella	34.04	26.88	25.54	22.24	32.61	21.76	11.97	20.8	11	7.3	4.94
Cebuella	34.62	27.47	23.15	21.44	31.53	21.58	12.13	18.92	10.44	7.13	4.85
Cebuella	34.55	27.66	22.58	21.09	32.08	21.9	11.23	20.63	9.89	6.71	5.05
Cebuella	34.08	27.27	22.19	20.77	30.43	20.58	11.19	18.64	9.58	7.59	4.4
Cebuella	36.43	29.87	22.84	20.96	32.2	21.21	10.97	20.41	10.24	7.99	4.57
Cebuella	33.59	26.44	21.69	20.67	30.02	20.65	11.08	18.33	9.58	7.6	4.25
Cebuella	34.74	27.57	22.31	21.02	31.5	21.09	10.65	18.87	10	7.07	4.48
Cebuella	35.31	26.76	23.2	21.38	31.21	20.45	11.56	20.49	10.6	7.9	4.44
Cebuella	34.12	28.04	21.46	20.17	30.56	19.96	10.71	20.61	9.99	7.54	5.18
Cebuella	34	27	21.3	20.74	30.26	21.19	10.91	20.05	9.68	7.64	4.41
Cebuella	34.32	27.43	22.4	21.33	31.44	21.03	11.3	20.52	9.27	7.89	5.43
Cebuella	32.35	26.9	22.3	20.53	29.4	20.72	10.62	19.85	9.35	7.73	4.62
Cebuella	35.18	27.63	22.71	21.3	30.85	21.03	11.24	20.94	9.19	8.13	4.87
C.humilis	36.68	30.11	25.18	22.32	32.73	21.36	12.35	22.74	12.35	8.45	5.23
C.humilis	37.36	30.2	24.3	23.22	33.71	22.45	11.89	25.94	11.65	8.66	
C.humilis	38.77	31.19	25.63	22.34	33.6	22.36	13.06	26.41	12.52	8.86	
C.humilis	36.11	29.45	23.48	21.93	33.19	21.28	11.35	24.8	11.34	8.48	
C.humilis	36.54	28.46	22.48	20.58	32.47	21.34	11.8	22.94	11.12	7.83	5.2
C.humilis	36.22	29.95	24.09	22.41	32.67	21.38	12.36	23.07	12.08	7.3	5.33
C.humilis	37.83	30.92	24.12	22.1	33.27	22.16	12.08	23.54	12.72	7.91	5.78
C.humilis	36.8	29.03	24.28	22.02	33.11	21.82	12.02	23	11.93	8.46	5.03
M._intermedius	45.62	36.46	30.55	26.67	39.62	25.25	15.49	29.5	15.55	9.3	7.87
M._saterei	47.18	38.26	32.77	28.27	39.55	26.31	16.62	32.15	17.6	10.82	7.4
M._saterei	47.1	37.49	31.34	27.98	39.89	26.71	16.22	29.96	18.12	10.85	7.44
M._saterei	46.67	37.18	30.84	27.12	40.97	26.62	15.82	29.63	16.36	10.35	7.25
M._saterei	45.93	37.81	30.04	26.18	40.23	25.55	15.42	28.91	19.55	10.28	7.05
M._saterei	48.4	37.19	30.08	26.94	43.11	27.01	15.86	31.72	15.34	11.12	6.54
M._saterei	46.62	36.75	30.25	26.47	42.02	25.94	16.01	31.35	16.39	11.34	7.72
M._saterei	43.98	36.64	30.92	26.99	40.63	25.51	15.71	32.52	17.94	11.06	8.29
M._rondoni	45.35	35.64	29.59	26.92	39.28	25.5	17.02	28.72	16.66	10.53	6.89
M._rondoni	45.03	36.72	30.23	25.94	38.86	25.93	15.57	29.04	16.37	10.82	6.88
M._rondoni	45.86	36.81	30.54	26.07	40.8	25.45	15.48	29.42	17.36	10.2	6.44
M._rondoni	45.75	37.32	31.69	26.8	39.34	24.44	15.43	30.6	16.93	10.11	6.71
M._rondoni	45.6	35.55	28.42	25.26	39.11	25.9	15.64	26.89	15.11	10.63	6.96
M._rondoni	43.9		30.4	27.29	38.61	25.94		30.15	15.98	10.58	6.59
M._rondoni	45.21	36.62	30.86	26.67	40.22	25.8	15.45	30.03	15.3	10.6	6.57
M._rondoni	46.09	37.99	32.1	27.69	40.09	25.39	15.35	30.73	17.34	10.93	6.92
M._rondoni	45.53		36.76	26.32	38.46	25.42	15.73	29.4	16.43	10.47	6.96
M._nigriceps	45.41	37.78	30.37	26.46	39.36	24.78	16.33	30.21	16.33	11.44	7.22
M._nigriceps	45.04	36.32		26.22	39.24	25.92	15.48	29.96	15.04	10.62	6.72
M._nigriceps	47.4	38.9	31.2	26.7		26.9	16	29.5	14.7	10.5	
M._nigriceps	46.66	38.09	30.75	26.15	40.91	26.1	15.83	30.79	15.92	10.59	7.08
M._nigriceps	44.96	36.55	31.25	27.25	40.8	26.73	15.75	27.39	16.71	11.05	7.21
M._mauesi	47.4	38.14	31.78	27.47	41.24	27.59	16.06	33.65	17.12	10.87	9.67
M._mauesi	47.92	37.46	32.05	27.25	40.85	27.97	16.09	32.6	17.65	10.75	8.57
M._mauesi	47.94	37.6	30.97	27.07	41.46	27.89	15.11	32.88	17.1	11.15	8.73
M._mauesi	46.74	37.36	31.37	26.56	40.78	26.12	15.58	30.7	17.93	11.26	7.68
M._mauesi	46.17	38.29	30.59	27.32	40.65	26.51	15.73	32.93	17.93	11.26	7.12
M._mauesi	47.62	38.21	30.67	26.96	39.9	26.27	16.32	30.66	16.82	10.89	7.54
M._mauesi	46.69	37.31	32.17	27.9	41.06	26.13	15.67	34.44	17.24	11.1	9.22
M._mauesi	46.02	37.18	29.65	26.57	40.89	25.48	15.23	32.12	17.15	10.69	8.03
M._mauesi	46.13	36.9		26.33	41.11	25.52	15.27	31.43	16.64	10.79	8.75
M._mauesi	46.12	37.58	30.67	27.14	41.06	25.5	15.84	31.83	16.87	10.75	7.79
M._mauesi	44.28	35.68	30.49	26.22	38.72	25.83	15.14	27.17	16.73	9.81	6.98
M._mauesi	44.8	36.24	29.65	26.12	40.51	24.82	15.62	29.38	17.33	10.76	7.3
M._mauesi	45.33	36.65	30.14	27.47	39.47	24.71	16.1	29.26	15.74	10.22	7.08
M._mauesi	47.25	38.1	29.21	26.58	40.38	25	15.95	29.69	15.92	11.29	6.9
M._leucippe	47.5	38.65	33.07	27.39	41.56	25.89	15.34	31.51	16.59	10.52	7.29
M._chrysoleucus	45.84	37.48	30.69	26.34	40.15	26.22	16.19	31.58	15.78	10.67	8.56
M._chrysoleucus	45.61	36.07	28.99	24.94	39.12	25.9	15.79	27.31	16.18	10.43	7.47
M._melanurus	46.8	36.99	29.83	26.31	39.53	25.26	15.93	30.54	16.47	10.5	
M._melanurus	46.34	38.25	31.63	26.37	41.22	27.22	16.06	31.46	16.58	10.54	7.21
M._melanurus	45.2	37.33	29.97	25.93	39.64	25.13	15.44	29.81	15.1	10.39	6.85
M._melanurus	44.52	36.02	30.86	25.53	38.79	25.09	15.23	29.7	15.49	9.95	7.01
M._argentata	46.74	35.89	29.37	25.2	40.63	25.91	14.87	29.68	16.01	10.17	7.2
M._argentata	45.73	36.8		26.73	40.16	24.81	14.81	30.05	16.99	10.17	7
M._argentata	45.99	36.75	29.79	25.9	39.72	25.68	14.2	29.18	15.87	10.6	6.79
M._argentata	45.17	35.45	28.6	25.9	38.96	25.63	14.86	29.13	15.04	10.97	6.86
M._argentata	45.75	35.1	29	25.59	39.07	26.39	14.55	28.33	14.47	10.23	6.68
M._argentata	45.39	36.13	29.04	25.6	38.8	24.62	15.28	29.71	16.02	10.18	7.6
M._manicorensis	45.32	37.08	30.71	27.4	40.09	26.64	14.68	30.62	17.11	10.85	7.93
M._manicorensis	46.57	38.98	30.9	26.34	40.08	24.28	15.61	30.21	17.64	9.07	7.08
M._manicorensis	45.18	37.51	29.75	25.58	38.57	25.21	15.58	29.23	16.29	9.41	7.09
M._manicorensis	46.26	36.74	31.72	26.93	39.66	25.06	15.91	30.73	16.68	9.83	7.98
M._manicorensis	47.17	39.02		27.04	41.6	26.94	15.14	31.11	16.79	9.49	7.23
M._marcai	45.83	37.32	30.56	25.7	39.84	24.52	15.72	28.51	17.75		
M._marcai	46.66	37.59	30.08	26.01	40.32	26.38	15.84	29.34	17.32		
M._marcai	46.41	38.36	31.58	26.52	40.2	24.86	15.03	31.11	17.06	9.35	7.07
M._marcai	45.99	40.32	30.74	25.82	39.63	24.29	14.66	30.38	17.7	8.91	7.02
M._marcai	47.65	37.4	32.45	27.7	42.02	25.2	15.37	31.29	18.72	9.41	7.21
M._marcai	45.99	36.29	31.35	27.1	39.8	25.37	15.5	30.2	17.04	10.3	7.24
M._marcai	44.13	37.25	30.48	27.18	38.94	24.73	15.19	28.52	17.37	10.33	7.02
M._marcai	47.42	38.43	31.85	27.33	41.72	26.41	15.89	30.27	16.73	10.52	7.5
